1 669 271 17 11
2 153 186 20 26
3 186 838 28 11
4 119 248 18 13
5 57 843 14 11
6 868 833 18 20
7 225 38 26 20
8 208 673 29 22
9 25 877 23 13
10 406 555 11 25
11 567 243 29 14
12 369 930 21 14
13 692 175 21 12
14 662 511 24 10
15 860 645 27 26
16 959 534 28 12
17 453 236 27 25
18 299 300 16 19
19 233 190 12 14
20 306 190 29 16
21 896 206 13 24
22 96 944 23 25
23 194 475 22 21
24 712 414 20 12
25 146 332 22 22
26 407 579 15 12
27 790 662 20 21
28 372 130 10 23
29 871 601 22 25
30 546 853 28 29
31 921 667 24 23
32 117 257 21 26
33 72 855 13 29
34 370 67 18 19
35 860 777 15 21
36 450 249 17 14
37 764 208 7 3
38 127 910 13 15
39 447 467 25 27
40 386 294 19 11
41 504 771 28 10
42 237 783 27 19
43 98 544 25 28
44 456 777 12 20
45 252 488 28 21
46 859 864 22 12
47 581 5 18 10
48 716 165 19 28
49 408 803 23 24
50 438 954 18 16
51 746 834 10 27
52 791 699 18 13
53 323 392 27 18
54 131 384 28 15
55 233 697 11 28
56 265 31 15 23
57 954 467 19 27
58 195 471 23 15
59 625 769 7 6
60 440 701 11 13
61 243 406 13 25
62 500 928 21 18
63 444 246 28 28
64 668 568 10 18
65 27 456 29 13
66 182 673 26 21
67 213 661 24 26
68 409 0 23 12
69 688 177 27 19
70 935 912 22 17
71 444 739 20 29
72 781 367 15 13
73 890 432 29 21
74 668 611 21 13
75 39 144 19 25
76 524 774 21 11
77 905 957 21 17
78 936 359 10 24
79 922 315 26 28
80 107 355 11 28
81 519 641 12 25
82 760 337 18 21
83 357 329 27 18
84 847 317 14 12
85 902 505 15 23
86 964 559 10 21
87 126 257 19 12
88 883 780 12 28
89 621 934 10 4
90 861 874 24 11
91 409 111 21 22
92 784 929 17 26
93 133 387 3 7
94 609 545 14 14
95 383 93 11 26
96 878 383 22 15
97 555 423 23 17
98 580 900 29 25
99 440 496 22 16
100 973 526 16 10
101 675 245 19 14
102 588 216 22 14
103 687 775 12 11
104 973 762 12 7
105 653 948 16 21
106 464 973 15 16
107 832 289 27 16
108 194 224 26 11
109 46 327 18 23
110 635 662 19 17
111 41 853 19 21
112 351 298 14 29
113 57 34 21 14
114 549 958 23 17
115 136 515 15 20
116 365 965 10 29
117 52 58 16 28
118 622 25 19 17
119 716 284 17 29
120 131 111 26 12
121 576 919 19 21
122 963 748 11 29
123 742 842 22 18
124 654 124 3 6
125 174 913 22 13
126 433 680 10 24
127 206 547 11 14
128 876 908 26 15
129 285 775 4 6
130 203 478 22 20
131 732 394 11 26
132 315 757 10 27
133 17 520 25 18
134 277 445 14 13
135 638 648 16 18
136 542 34 27 13
137 175 547 10 25
138 78 159 20 16
139 456 312 25 16
140 886 385 21 16
141 39 91 13 22
142 150 517 12 13
143 730 185 17 18
144 770 76 13 16
145 769 367 13 17
146 548 82 22 18
147 669 813 15 16
148 523 718 27 10
149 786 361 14 25
150 168 641 24 22
151 274 324 24 22
152 88 729 24 21
153 4 579 20 22
154 494 942 23 17
155 215 527 28 14
156 117 536 24 18
157 916 64 28 28
158 502 106 13 23
159 244 713 13 23
160 628 438 20 23
161 978 893 19 16
162 646 750 25 10
163 628 596 22 17
164 280 808 29 13
165 487 906 11 21
166 880 283 11 27
167 644 921 21 23
168 488 925 29 15
169 409 804 10 10
170 656 787 27 29
171 132 498 18 28
172 658 213 17 24
173 607 917 13 20
174 646 962 10 14
175 536 277 22 10
176 335 634 16 16
177 176 535 20 22
178 76 843 14 25
179 759 869 27 20
180 589 729 17 29
181 348 514 18 16
182 900 747 13 26
183 149 958 3 6
184 316 77 20 26
185 464 544 24 22
186 44 515 29 24
187 948 659 15 17
188 505 83 28 26
189 340 480 21 14
190 491 950 19 18
191 62 245 26 23
192 384 657 18 22
193 787 954 18 18
194 934 581 22 14
195 48 236 22 22
196 822 675 11 26
197 817 821 15 16
198 823 700 11 20
199 665 390 20 25
200 252 972 28 21
201 224 541 21 19
202 159 326 10 27
203 27 386 10 28
204 587 119 25 18
205 969 628 23 27
206 940 34 18 21
207 153 5 25 12
208 784 55 17 13
209 816 806 17 18
210 228 231 12 24
211 124 379 14 20
212 894 961 25 24
213 125 425 15 29
214 759 155 20 22
215 606 966 16 20
216 417 18 12 19
217 901 455 20 22
218 369 304 28 13
219 939 56 24 20
220 542 288 27 29
221 213 279 16 22
222 927 150 13 27
223 571 964 22 19
224 230 644 25 21
225 338 411 20 14
226 348 3 19 11
227 498 914 29 26
228 641 974 27 13
229 463 258 26 26
230 926 281 11 26
231 573 449 11 29
232 606 861 19 20
233 394 871 17 18
234 407 785 27 20
235 681 447 21 16
236 471 808 19 27
237 794 294 17 23
238 446 935 16 15
239 156 589 17 24
240 353 489 19 17
241 291 171 28 25
242 935 484 27 17
243 230 116 14 27
244 946 740 26 16
245 894 245 13 29
246 13 414 12 18
247 282 667 28 16
248 84 245 28 29
249 6 77 21 15
250 68 23 19 19
251 216 542 22 13
252 19 448 19 19
253 50 870 12 27
254 133 607 14 19
255 658 927 18 13
256 253 447 23 23
257 938 137 12 21
258 74 347 19 16
259 789 87 11 11
260 116 168 10 20
261 351 34 23 17
262 312 171 22 10
263 419 176 27 13
264 340 616 14 23
265 316 195 11 22
266 152 381 12 11
267 950 599 18 19
268 648 954 27 16
269 215 319 11 10
270 630 382 26 20
271 594 513 20 25
272 174 311 11 28
273 391 183 22 10
274 195 824 21 27
275 675 426 23 23
276 739 219 24 18
277 619 932 15 12
278 433 583 16 26
279 35 192 23 19
280 930 177 28 28
281 825 327 17 23
282 807 145 25 14
283 529 796 10 21
284 289 265 15 29
285 647 974 17 19
286 901 313 22 18
287 135 499 10 29
288 826 38 10 27
289 335 205 13 28
290 72 541 19 22
291 762 546 14 10
292 183 32 28 27
293 194 158 17 23
294 855 66 25 26
295 937 460 11 9
296 332 524 28 26
297 629 760 24 15
298 183 836 24 12
299 373 121 21 12
300 859 53 27 28
301 735 903 27 21
302 666 397 16 28
303 586 105 24 20
304 246 298 19 11
305 578 882 18 22
306 180 450 26 19
307 228 292 23 18
308 350 492 17 10
309 894 358 20 26
310 864 147 27 16
311 193 399 18 29
312 685 443 16 24
313 56 690 29 18
314 540 502 16 14
315 292 249 28 28
316 25 612 20 15
317 640 451 12 17
318 466 981 27 11
319 874 876 17 29
320 870 532 11 16
321 866 870 22 23
322 946 2 23 15
323 538 553 11 29
324 937 963 24 12
325 745 818 21 24
326 851 574 20 16
327 333 852 12 19
328 448 585 13 28
329 155 822 12 29
330 948 586 12 24
331 286 665 29 10
332 965 4 16 13
333 283 847 3 7
334 967 350 17 12
335 801 863 11 19
336 928 63 20 22
337 66 274 14 22
338 849 572 25 27
339 279 381 23 25
340 603 741 24 21
341 637 357 17 29
342 422 200 14 19
343 728 306 15 14
344 232 312 14 18
345 539 490 27 25
346 841 664 26 24
347 711 527 12 24
348 269 189 23 16
349 42 276 11 12
350 245 784 22 25
351 732 899 27 17
352 820 295 22 26
353 200 842 12 16
354 22 140 24 24
355 573 849 25 25
356 653 58 23 25
357 590 224 10 27
358 535 577 10 11
359 856 203 18 22
360 344 901 14 21
361 308 921 25 13
362 74 452 17 15
363 878 645 26 19
364 518 321 13 13
365 531 25 10 21
366 751 321 29 14
367 120 430 10 16
368 88 457 16 11
369 679 882 21 14
370 650 227 28 26
371 578 688 11 14
372 342 643 12 20
373 41 151 10 12
374 842 283 27 24
375 718 224 25 23
376 23 472 17 22
377 930 358 19 27
378 274 438 21 11
379 329 25 26 10
380 716 417 18 12
381 158 693 13 24
382 345 398 13 13
383 861 793 28 25
384 176 940 14 28
385 536 664 27 16
386 884 932 21 29
387 942 567 24 13
388 568 869 12 12
389 451 307 10 15
390 883 876 13 11
391 198 509 12 18
392 695 961 17 18
393 245 809 20 23
394 587 495 16 23
395 902 947 17 15
396 822 551 22 26
397 645 540 22 15
398 955 93 27 16
399 940 155 29 12
400 841 570 25 10
401 326 524 14 13
402 395 114 25 15
403 498 490 13 21
404 823 217 20 25
405 720 139 27 27
406 526 788 13 10
407 394 509 12 21
408 923 814 15 19
409 819 525 12 28
410 755 659 27 27
411 84 668 18 25
412 789 497 23 21
413 959 589 10 15
414 146 362 15 12
415 378 679 27 19
416 718 489 19 10
417 264 339 19 10
418 61 758 27 17
419 191 691 22 28
420 159 280 18 25
421 805 288 11 28
422 43 54 16 17
423 146 954 20 15
424 917 607 19 12
425 551 962 16 22
426 125 44 27 22
427 330 225 29 11
428 602 527 12 26
429 733 209 10 20
430 557 860 20 28
431 804 345 18 12
432 731 157 17 29
433 617 641 19 14
434 714 490 11 25
435 821 519 14 11
436 864 135 16 13
437 619 898 27 29
438 16 969 24 23
439 521 727 12 13
440 247 829 12 25
441 569 205 26 29
442 322 139 15 26
443 722 402 23 11
444 955 194 25 14
445 924 875 16 19
446 447 349 16 24
447 877 87 17 24
448 129 40 26 23
449 172 262 21 25
450 563 476 16 18
451 693 377 24 18
452 595 813 23 13
453 111 421 25 12
454 275 254 23 23
455 170 72 26 21
456 16 680 23 15
457 720 172 17 20
458 734 414 21 16
459 888 157 23 27
460 674 225 21 12
461 485 30 25 16
462 177 542 20 23
463 394 524 18 17
464 225 55 17 23
465 848 258 6 24
466 868 840 20 10
467 914 613 25 10
468 961 71 24 27
469 41 144 12 22
470 949 913 18 14
471 808 772 14 10
472 844 665 24 27
473 128 378 27 13
474 761 382 11 13
475 19 431 14 24
476 623 766 13 16
477 244 703 10 19
478 464 613 21 12
479 731 344 12 14
480 216 31 21 13
481 332 84 10 14
482 378 37 25 14
483 615 521 22 10
484 464 427 10 22
485 287 320 23 13
486 736 123 10 22
487 779 652 16 23
488 371 973 25 14
489 213 503 20 27
490 231 912 17 25
491 487 62 14 19
492 128 539 18 22
493 246 972 21 10
494 889 385 21 10
495 827 697 16 12
496 760 65 15 12
497 630 622 19 21
498 503 416 11 28
499 268 241 23 18
500 25 457 19 27
501 81 828 19 25
502 797 25 10 19
503 717 69 22 27
504 701 606 12 28
505 227 544 29 23
506 65 150 25 16
507 728 174 16 25
508 49 287 21 14
509 222 256 10 23
510 870 736 11 13
511 448 256 23 22
512 499 950 14 25
513 591 674 17 15
514 977 915 14 23
515 948 463 19 18
516 847 398 18 18
517 136 539 20 11
518 129 377 11 25
519 416 621 22 10
520 651 744 10 26
521 12 413 11 18
522 966 164 21 19
523 508 313 29 24
524 938 915 16 11
525 768 902 29 16
526 225 297 21 18
527 224 24 17 15
528 598 169 13 22
529 832 544 18 16
530 187 602 22 14
531 734 409 15 25
532 838 29 29 18
533 186 499 18 12
534 780 104 26 18
535 769 39 12 28
536 347 640 15 19
537 30 605 28 13
538 670 492 16 21
539 398 778 15 9
540 226 484 18 26
541 743 616 21 15
542 123 810 15 21
543 863 969 29 29
544 316 56 22 22
545 771 383 10 16
546 786 161 11 10
547 925 11 20 24
548 848 586 22 25
549 251 638 14 17
550 51 688 17 10
551 366 32 27 29
552 571 533 20 15
553 27 613 17 16
554 387 664 11 23
555 358 837 17 15
556 309 305 20 20
557 136 62 13 29
558 373 921 25 12
559 228 262 24 24
560 951 141 10 23
561 281 776 13 20
562 94 715 19 15
563 485 624 25 25
564 724 126 17 29
565 668 870 16 16
566 30 677 20 29
567 63 203 22 11
568 608 794 22 29
569 322 289 18 12
570 69 640 24 10
571 61 228 28 20
572 613 779 20 19
573 711 540 12 11
574 295 590 14 29
575 383 199 28 13
576 171 152 11 13
577 18 35 21 16
578 742 314 28 25
579 942 703 28 29
580 348 407 23 17
581 580 914 20 18
582 570 911 18 16
583 935 589 23 14
584 966 904 21 13
585 70 712 11 13
586 58 686 13 18
587 954 516 24 24
588 339 136 22 29
589 757 367 11 23
590 103 138 20 13
591 498 159 14 18
592 191 414 11 29
593 754 780 26 18
594 962 296 29 23
595 815 100 24 29
596 949 147 19 18
597 949 158 13 4
598 31 550 26 27
599 810 658 19 23
600 222 933 17 21
601 704 115 10 27
602 927 457 26 18
603 751 345 10 20
604 306 601 24 11
605 641 759 21 24
606 233 485 15 11
607 18 90 24 16
608 77 355 11 12
609 792 343 18 26
610 482 622 13 19
611 69 844 16 15
612 639 953 15 23
613 848 567 12 28
614 791 87 27 29
615 261 261 23 12
616 745 813 13 24
617 518 45 16 28
618 483 266 27 24
619 971 353 26 20
620 835 59 12 29
621 679 439 10 14
622 36 378 21 20
623 408 781 28 28
624 305 165 26 22
625 788 648 14 10
626 875 304 26 16
627 122 817 21 20
628 134 834 23 27
629 494 489 13 18
630 695 383 18 3
631 540 460 22 25
632 5 613 25 29
633 405 950 19 22
634 261 494 20 19
635 26 733 20 10
636 664 916 23 10
637 963 622 19 14
638 434 627 10 18
639 246 800 21 27
640 794 776 13 13
641 715 119 27 12
642 680 100 19 23
643 277 766 19 15
644 803 812 15 14
645 636 537 29 29
646 398 128 13 18
647 299 170 25 28
648 461 515 14 10
649 386 233 24 10
650 251 100 11 18
651 37 975 23 24
652 538 310 25 18
653 596 682 19 28
654 746 338 20 12
655 917 703 25 22
656 895 749 16 16
657 38 396 26 28
658 518 278 19 22
659 463 620 15 25
660 691 923 14 17
661 53 798 21 22
662 566 968 13 24
663 905 620 23 11
664 359 526 19 23
665 672 236 19 13
666 189 602 29 17
667 740 830 28 17
668 902 221 13 13
669 68 418 24 17
670 109 137 23 14
671 950 484 11 22
672 957 797 22 24
673 2 403 12 25
674 382 76 11 14
675 171 728 13 14
676 180 533 18 26
677 756 891 20 27
678 805 277 17 22
679 41 737 12 15
680 552 772 22 22
681 863 488 25 13
682 139 906 28 13
683 864 865 22 16
684 863 465 16 23
685 468 11 13 14
686 414 252 29 21
687 433 238 12 23
688 664 520 16 22
689 415 229 21 23
690 11 781 19 27
691 598 823 10 27
692 188 940 17 15
693 984 678 11 23
694 539 972 15 14
695 660 763 17 29
696 969 204 23 13
697 118 686 22 13
698 810 679 12 16
699 275 42 14 22
700 568 309 16 16
701 777 892 28 20
702 411 197 16 15
703 894 479 10 23
704 823 691 23 26
705 494 838 23 27
706 663 909 26 24
707 159 51 21 29
708 913 253 22 23
709 320 606 11 14
710 678 594 21 19
711 816 812 22 10
712 562 32 26 14
713 281 221 10 28
714 562 467 27 11
715 876 745 18 14
716 326 185 15 28
717 567 632 15 26
718 929 280 20 22
719 375 275 29 15
720 877 976 15 16
721 9 552 24 10
722 673 821 18 25
723 877 374 23 10
724 319 941 27 11
725 667 274 17 28
726 102 430 28 14
727 960 174 26 16
728 628 22 14 21
729 346 747 13 24
730 329 154 15 24
731 209 74 26 18
732 602 621 20 29
733 927 251 20 18
734 213 864 21 22
735 876 485 25 29
736 383 455 25 12
737 487 100 17 13
738 878 479 16 17
739 317 49 29 20
740 945 388 22 12
741 149 89 18 10
742 181 658 15 10
743 667 225 12 14
744 249 542 18 17
745 18 571 12 17
746 49 412 17 17
747 405 28 18 14
748 121 263 18 17
749 415 2 16 12
750 189 51 11 12
751 836 371 26 29
752 700 44 14 11
753 443 713 28 10
754 570 544 15 13
755 652 397 21 23
756 767 88 24 24
757 396 774 21 22
758 515 452 26 13
759 920 590 27 23
760 180 490 18 19
761 875 637 10 28
762 966 498 20 22
763 486 428 12 20
764 445 317 17 19
765 400 779 26 28
766 455 932 22 10
767 218 861 18 28
768 419 329 16 27
769 728 220 23 10
770 597 221 17 14
771 317 764 14 18
772 182 627 12 17
773 842 285 22 19
774 805 673 16 25
775 651 122 10 12
776 243 264 20 26
777 572 628 14 21
778 942 558 15 13
779 187 13 12 23
780 316 45 16 24
781 29 144 18 23
782 568 674 24 19
783 480 2 24 13
784 789 895 25 22
785 494 537 13 23
786 159 659 10 10
787 323 63 22 22
788 655 472 10 22
789 781 39 15 18
790 621 602 22 21
791 957 169 12 25
792 203 699 23 11
793 908 815 27 25
794 420 803 27 29
795 966 281 25 28
796 423 266 11 23
797 168 460 28 16
798 522 951 20 26
799 272 490 16 15
800 359 271 22 13
801 193 581 12 16
802 978 532 21 25
803 585 355 3 7
804 449 225 10 26
805 831 411 12 23
806 280 452 27 25
807 963 771 18 26
808 681 121 24 16
809 440 770 20 20
810 984 898 13 24
811 333 928 27 28
812 179 140 14 29
813 933 476 16 23
814 5 967 11 11
815 277 794 11 26
816 925 445 16 27
817 582 212 22 18
818 451 98 15 4
819 451 429 21 17
820 670 217 11 29
821 847 209 17 21
822 3 432 25 29
823 659 462 24 23
824 590 884 11 10
825 182 838 28 20
826 39 615 26 14
827 310 7 23 23
828 394 678 24 28
829 740 859 19 11
830 236 704 21 16
831 495 419 16 12
832 271 489 13 18
833 869 618 21 15
834 437 248 16 29
835 284 424 10 29
836 203 224 20 15
837 469 947 29 21
838 971 751 28 26
839 646 357 19 27
840 767 885 11 25
841 293 168 13 18
842 745 53 25 25
843 65 273 10 13
844 883 380 19 18
845 107 919 25 24
846 923 447 10 15
847 62 549 24 19
848 574 795 15 10
849 439 696 13 20
850 329 497 29 26
851 471 700 14 28
852 908 253 11 14
853 509 89 16 8
854 483 548 15 21
855 887 615 21 13
856 177 909 10 12
857 577 700 25 27
858 144 31 10 22
859 399 864 18 10
860 33 157 13 20
861 447 480 16 24
862 239 528 29 20
863 485 337 17 10
864 180 480 12 24
865 26 460 21 15
866 31 865 22 16
867 313 79 25 17
868 647 386 13 13
869 396 309 18 16
870 696 196 4 8
871 906 615 10 25
872 658 53 22 27
873 112 332 15 23
874 704 404 29 13
875 777 320 15 11
876 36 729 14 18
877 357 816 26 27
878 694 184 18 24
879 91 126 14 17
880 333 121 16 27
881 81 394 21 16
882 174 1 19 19
883 440 733 17 13
884 98 960 14 11
885 327 0 19 12
886 907 354 16 21
887 905 849 24 10
888 544 971 12 18
889 729 597 21 29
890 228 138 11 24
891 784 701 25 12
892 596 219 10 20
893 760 204 18 11
894 902 150 29 13
895 25 321 17 10
896 904 959 16 23
897 940 600 10 18
898 24 81 12 20
899 416 171 25 16
900 681 235 10 22
901 959 345 16 28
902 776 871 17 11
903 888 273 15 17
904 746 797 22 29
905 326 273 28 29
906 111 71 26 15
907 660 156 10 14
908 23 280 16 19
909 126 860 11 13
910 134 521 17 11
911 733 152 15 26
912 955 623 25 16
913 802 815 25 23
914 577 464 14 15
915 503 824 14 20
916 648 756 19 29
917 923 966 24 17
918 524 72 15 19
919 403 89 14 26
920 605 459 13 10
921 96 453 27 13
922 869 776 25 18
923 921 528 22 22
924 682 896 16 28
925 858 224 15 18
926 121 615 17 16
927 848 303 10 21
928 17 513 19 10
929 83 256 22 15
930 793 750 24 21
931 924 196 17 27
932 605 482 27 23
933 532 785 22 11
934 522 972 11 26
935 706 972 12 26
936 160 367 16 27
937 304 664 12 15
938 407 273 19 10
939 9 180 14 14
940 181 685 23 14
941 26 812 14 10
942 412 252 10 18
943 50 339 23 11
944 336 909 28 18
945 829 277 16 22
946 607 22 12 19
947 412 871 27 21
948 865 28 12 18
949 104 449 22 27
950 714 78 11 22
951 550 492 27 20
952 5 972 24 18
953 491 907 13 21
954 75 19 24 29
955 114 550 26 19
956 608 527 25 21
957 714 551 20 25
958 593 545 22 20
959 603 1 16 29
960 621 155 27 19
961 353 330 18 14
962 911 103 24 14
963 695 42 22 16
964 416 247 28 14
965 911 266 21 12
966 632 523 21 20
967 840 256 25 29
968 542 34 11 10
969 721 807 17 17
970 559 226 27 16
971 510 661 27 12
972 645 734 14 18
973 755 665 16 17
974 229 484 22 17
975 654 80 29 15
976 946 395 23 20
977 274 771 23 23
978 954 510 24 13
979 162 259 28 29
980 822 624 19 13
981 182 503 28 17
982 427 774 11 11
983 486 271 14 27
984 126 553 14 12
985 406 262 27 16
986 926 955 15 10
987 670 262 18 12
988 45 49 23 29
989 533 311 15 14
990 504 33 12 24
991 346 299 13 25
992 565 478 17 18
993 840 391 14 24
994 416 950 13 23
995 212 668 14 16
996 515 958 13 15
997 397 583 29 24
998 404 606 24 21
999 438 983 27 16
1000 0 159 28 15
1001 860 823 21 28
1002 411 818 21 21
1003 958 36 19 14
1004 918 443 22 23
1005 972 79 19 25
1006 825 314 28 14
1007 239 478 14 27
1008 411 261 13 27
1009 34 48 26 16
1010 258 373 19 11
1011 862 222 28 11
1012 718 224 23 26
1013 908 962 27 27
1014 554 479 29 24
1015 570 785 13 27
1016 752 172 18 29
1017 276 346 15 15
1018 744 134 25 23
1019 653 424 25 14
1020 177 168 24 18
1021 958 558 11 11
1022 819 49 23 15
1023 356 611 22 21
1024 318 90 16 11
1025 486 421 13 22
1026 152 685 27 22
1027 925 527 23 10
1028 601 696 17 20
1029 106 265 29 20
1030 955 925 19 26
1031 957 165 22 28
1032 549 977 26 19
1033 415 182 29 11
1034 134 587 29 16
1035 456 975 14 13
1036 143 493 22 25
1037 250 800 19 12
1038 179 553 10 14
1039 721 965 12 23
1040 52 639 27 21
1041 668 233 15 19
1042 859 801 11 26
1043 873 599 29 22
1044 62 504 13 14
1045 140 609 28 22
1046 534 301 19 20
1047 426 949 14 21
1048 18 146 23 18
1049 659 550 19 19
1050 755 817 12 21
1051 182 322 12 18
1052 194 591 18 12
1053 807 306 28 21
1054 521 780 17 27
1055 97 938 18 26
1056 946 40 29 28
1057 639 169 24 23
1058 142 573 11 22
1059 89 45 13 25
1060 655 35 10 28
1061 392 274 28 24
1062 382 325 11 26
1063 521 744 21 28
1064 499 780 29 14
1065 162 819 28 22
1066 17 93 19 21
1067 506 931 13 18
1068 283 495 21 11
1069 400 459 10 15
1070 574 640 28 19
1071 236 233 23 10
1072 513 632 16 29
1073 816 147 14 25
1074 870 221 10 24
1075 918 323 15 22
1076 158 894 11 15
1077 854 144 15 15
1078 336 901 19 25
1079 580 497 26 29
1080 523 81 18 10
1081 54 685 22 20
1082 318 232 11 19
1083 363 319 29 20
1084 335 1 19 26
1085 888 455 21 12
1086 700 164 28 25
1087 959 786 20 16
1088 764 545 21 14
1089 927 599 13 22
1090 122 505 26 20
1091 595 227 11 17
1092 802 43 10 20
1093 97 250 29 23
1094 536 506 17 26
1095 951 713 11 14
1096 577 651 12 12
1097 409 266 13 22
1098 945 504 11 24
1099 806 810 20 14
1100 896 560 19 12
1101 76 251 22 27
1102 118 430 25 16
1103 873 114 21 14
1104 920 956 22 29
1105 723 397 25 26
1106 183 572 26 19
1107 705 96 29 21
1108 413 287 17 23
1109 405 625 23 20
1110 622 870 13 11
1111 575 628 27 28
1112 492 54 17 12
1113 64 418 27 19
1114 551 423 15 24
1115 589 198 15 23
1116 828 570 24 23
1117 863 189 22 15
1118 190 588 11 10
1119 309 617 13 28
1120 916 856 12 25
1121 333 760 23 17
1122 68 751 27 10
1123 763 394 17 23
1124 39 613 26 15
1125 404 397 25 12
1126 393 313 16 22
1127 615 467 16 23
1128 78 142 20 29
1129 259 86 25 18
1130 444 938 28 23
1131 934 167 27 14
1132 145 183 13 28
1133 557 871 20 12
1134 106 414 20 11
1135 101 923 10 18
1136 579 10 25 21
1137 146 111 26 14
1138 2 178 26 26
1139 810 628 13 24
1140 860 516 20 15
1141 218 692 12 21
1142 850 671 26 10
1143 766 152 21 21
1144 147 463 26 26
1145 328 159 17 21
1146 853 207 21 17
1147 583 396 24 26
1148 191 621 14 22
1149 527 300 17 16
1150 390 113 23 18
1151 103 83 13 17
1152 747 225 20 23
1153 574 652 25 13
1154 509 91 15 11
1155 200 715 14 21
1156 479 176 22 12
1157 761 298 22 26
1158 50 879 25 25
1159 34 806 23 10
1160 901 634 25 22
1161 488 52 28 17
1162 220 651 14 23
1163 311 243 26 20
1164 866 219 23 29
1165 223 316 19 26
1166 322 915 13 21
1167 881 640 14 29
1168 685 164 22 22
1169 824 36 18 18
1170 468 939 13 20
1171 208 495 22 24
1172 629 152 18 10
1173 804 129 26 28
1174 283 232 17 24
1175 217 765 19 13
1176 638 225 20 21
1177 598 585 27 26
1178 920 698 10 18
1179 798 772 16 23
1180 130 101 16 24
1181 852 42 14 26
1182 400 200 13 18
1183 346 894 18 11
1184 555 86 21 23
1185 789 116 13 25
1186 357 39 5 8
1187 95 378 22 29
1188 271 312 20 21
1189 448 95 22 12
1190 797 879 14 18
1191 261 373 19 28
1192 881 192 29 13
1193 863 23 17 26
1194 421 114 10 26
1195 971 793 20 27
1196 45 788 12 29
1197 947 583 29 18
1198 594 565 22 29
1199 642 272 28 13
1200 759 65 27 26
1201 957 77 26 27
1202 24 801 22 21
1203 432 317 11 20
1204 644 238 17 20
1205 753 351 4 7
1206 849 217 14 18
1207 942 657 12 26
1208 454 723 18 24
1209 81 461 18 11
1210 851 869 11 10
1211 66 591 14 17
1212 740 174 15 19
1213 394 286 14 28
1214 466 464 20 19
1215 858 372 24 16
1216 340 4 12 18
1217 607 154 12 29
1218 589 474 23 28
1219 583 27 19 23
1220 831 223 20 25
1221 259 850 14 26
1222 116 172 27 26
1223 963 342 26 17
1224 367 333 11 11
1225 637 887 16 17
1226 262 258 27 11
1227 493 568 17 29
1228 675 524 17 16
1229 740 834 25 14
1230 866 525 14 13
1231 593 736 16 25
1232 618 153 15 18
1233 286 296 26 24
1234 923 849 27 14
1235 839 66 20 25
1236 584 488 14 15
1237 414 168 26 18
1238 42 27 20 26
1239 943 740 15 19
1240 108 336 28 29
1241 677 222 19 16
1242 912 816 19 13
1243 40 371 11 13
1244 595 895 26 26
1245 232 418 24 17
1246 902 609 26 18
1247 67 25 21 17
1248 737 354 13 25
1249 843 355 28 19
1250 59 665 22 29
1251 369 255 14 17
1252 775 750 23 23
1253 329 838 14 16
1254 591 983 24 15
1255 918 380 12 19
1256 499 94 13 18
1257 269 224 22 29
1258 918 324 21 15
1259 213 201 21 22
1260 411 634 26 14
1261 875 547 27 16
1262 706 973 23 23
1263 568 846 15 15
1264 64 620 15 21
1265 612 143 10 17
1266 446 537 24 17
1267 472 742 24 12
1268 76 715 25 15
1269 666 603 20 23
1270 708 808 14 16
1271 228 828 23 17
1272 159 664 20 24
1273 508 616 28 13
1274 971 175 15 19
1275 914 494 22 23
1276 145 105 15 11
1277 292 661 13 21
1278 805 777 18 22
1279 14 403 23 23
1280 451 252 26 22
1281 931 155 23 15
1282 851 873 18 16
1283 141 259 24 13
1284 489 604 22 19
1285 672 613 21 28
1286 677 761 15 25
1287 25 740 23 11
1288 383 181 20 22
1289 55 213 10 19
1290 468 799 17 24
1291 265 865 25 12
1292 200 507 11 17
1293 718 774 13 15
1294 869 93 13 27
1295 1 296 21 22
1296 903 570 12 28
1297 386 233 27 22
1298 427 233 23 18
1299 902 452 17 15
1300 893 625 21 19
1301 620 734 17 13
1302 372 298 28 19
1303 794 115 27 15
1304 845 467 28 10
1305 474 31 23 10
1306 47 32 12 18
1307 671 564 14 28
1308 146 495 26 24
1309 795 808 23 28
1310 740 118 13 11
1311 209 22 19 19
1312 215 762 16 11
1313 121 449 29 27
1314 233 313 28 25
1315 197 41 29 16
1316 492 590 24 29
1317 246 467 26 23
1318 608 550 12 25
1319 869 860 19 21
1320 274 834 22 27
1321 833 61 28 22
1322 904 91 27 18
1323 921 373 14 17
1324 868 218 18 19
1325 646 51 14 22
1326 930 825 20 11
1327 336 292 14 13
1328 164 438 16 29
1329 351 585 23 28
1330 788 141 18 27
1331 739 386 28 22
1332 460 504 16 16
1333 956 176 18 24
1334 418 876 11 5
1335 92 36 26 14
1336 810 826 12 5
1337 958 729 15 20
1338 643 609 26 10
1339 486 324 10 18
1340 884 869 11 26
1341 1 297 28 24
1342 939 522 11 27
1343 401 385 10 23
1344 582 351 10 17
1345 109 566 16 14
1346 135 840 29 17
1347 30 34 17 17
1348 730 782 24 23
1349 977 696 11 18
1350 967 632 27 20
1351 854 61 21 25
1352 946 175 14 26
1353 6 99 20 16
1354 898 59 26 11
1355 107 424 18 29
1356 166 740 27 10
1357 654 70 10 28
1358 787 281 10 18
1359 102 354 13 23
1360 489 731 10 12
1361 918 682 24 24
1362 632 529 25 14
1363 877 236 17 23
1364 383 119 20 26
1365 866 918 23 26
1366 909 723 11 22
1367 598 502 14 29
1368 70 579 24 23
1369 176 456 19 14
1370 311 280 28 21
1371 588 401 14 26
1372 148 77 12 13
1373 194 527 22 21
1374 552 234 22 11
1375 367 324 16 13
1376 450 358 25 15
1377 71 615 17 21
1378 793 87 26 17
1379 894 450 17 16
1380 708 629 17 14
1381 919 335 14 29
1382 563 243 22 10
1383 504 783 22 18
1384 726 515 13 18
1385 909 722 17 11
1386 276 490 18 18
1387 98 560 14 28
1388 23 274 10 24
1389 32 323 15 20
1390 778 886 26 18
1391 256 801 23 10
1392 916 500 10 13
1393 856 667 7 18
1394 103 682 24 17
1395 727 567 17 25
1396 52 176 19 21
1397 453 308 19 24
1398 238 370 21 18
1399 724 519 23 10
