2 2 7
8 5 6
2 4 5
1 4 5
1 5 8
5 9 2
7 1 6
7 3 8
1 4 6
2 5 6
6 7 5
2 2 4
4 5 2
10 8 1
2 7 4
4 2 8
2 9 8
1 8 4
2 4 9
5 8 2
1 4 6
1 8 9
1 7 2
2 4 2
1 7 3
13 2 1
1 2 4
1 2 3
2 5 4
17 6 4
3 4 9
14 1 4
4 6 8
1 9 8
23 4 8
6 1 7
3 1 5
1 3 8
5 7 8
1 3 4
1 5 3
1 5 1
1 3 2
1 9 4
9 4 9
1 1 2
11 8 2
1 4 5
13 2 3
7 9 6
1 5 6
1 5 2
1 9 4
1 4 9
2 8 9
1 7 8
8 9 1
8 1 4
4 6 7
1 9 4
2 3 9
1 9 1
6 4 1
2 1 3
22 8 6
1 2 5
3 7 8
15 6 4
7 3 7
4 6 9
2 9 2
6 3 5
3 9 5
5 5 8
1 2 1
6 8 2
1 1 2
3 5 3
1 7 2
4 7 8
4 6 1
1 5 1
4 8 7
2 3 2
1 1 3
15 4 2
3 7 3
4 7 2
1 4 9
5 3 8
29 2 1
1 9 5
1 2 1
11 1 5
1 4 5
2 6 3
1 3 4
16 1 9
4 8 4
3 6 9
1 3 7
1 7 3
6 1 6
3 4 3
3 8 5
3 1 8
3 1 4
2 4 9
3 6 3
15 5 2
3 2 3
4 2 7
2 5 9
10 3 6
11 9 5
2 4 9
8 9 4
1 9 6
7 4 6
3 5 8
22 6 9
4 7 8
8 5 8
2 4 3
1 8 1
17 8 3
3 3 4
13 3 9
20 9 7
2 2 9
19 9 5
1 1 4
3 2 7
4 4 3
1 9 8
18 5 1
1 9 4
1 9 7
2 4 8
1 5 4
3 2 7
3 3 1
2 1 3
3 3 8
1 4 8
6 8 2
1 3 9
1 3 9
10 1 9
7 1 7
4 7 4
29 7 3
6 2 9
25 3 6
5 3 9
13 6 9
12 6 2
1 8 9
10 2 6
7 6 5
20 9 3
11 3 6
1 7 9
2 2 9
19 9 2
14 6 8
4 5 2
2 4 6
3 5 1
13 8 5
1 6 1
2 4 2
8 2 4
6 4 7
1 9 8
2 4 7
5 2 4
4 4 2
10 5 6
1 1 7
1 5 4
1 4 9
4 7 8
5 1 7
1 9 7
7 3 2
2 5 2
8 6 9
1 4 6
3 7 4
5 9 7
2 4 3
20 2 4
2 4 8
14 4 2
12 7 4
8 2 1
10 2 4
6 8 5
1 7 8
4 4 3
1 3 9
1 2 7
1 6 8
5 3 5
1 3 2
7 4 5
6 1 7
5 7 6
1 6 5
2 7 8
1 2 6
2 8 2
5 5 7
6 6 8
16 4 9
16 9 4
11 5 4
5 8 3
2 5 2
14 4 2
1 6 3
1 6 9
1 5 3
3 8 2
10 4 7
5 9 2
3 4 7
1 1 4
3 2 5
2 3 7
1 4 2
18 2 8
3 8 4
5 3 1
1 3 9
1 9 3
8 8 7
2 5 4
1 5 6
1 2 5
1 5 8
1 6 9
3 2 7
27 7 4
2 2 4
4 8 4
1 9 8
3 1 6
1 3 5
3 8 3
1 1 4
1 8 1
3 1 4
2 8 2
2 6 2
8 4 9
1 7 1
1 5 4
1 7 3
4 2 7
1 8 6
8 9 7
1 6 3
3 3 4
37 4 1
1 4 5
13 7 8
6 8 4
5 8 3
1 7 6
4 1 5
1 6 5
2 8 4
32 1 5
1 1 4
5 3 5
1 3 2
1 2 9
19 5 2
1 9 1
16 5 1
7 5 6
1 3 1
11 1 2
18 2 4
1 5 9
8 6 1
10 2 6
7 4 9
2 2 1
7 4 2
5 4 5
2 9 6
9 6 3
5 5 3
8 4 9
7 9 8
4 2 9
10 3 1
6 8 1
2 6 3
5 3 8
3 2 7
1 9 5
1 3 5
2 7 8
1 8 9
1 6 1
23 1 4
2 5 3
1 8 2
2 8 5
2 5 6
1 2 7
1 7 5
4 9 7
1 7 5
1 3 6
3 7 4
1 3 8
1 4 6
6 1 8
4 6 4
2 9 1
1 5 1
19 4 2
2 9 3
1 9 3
9 1 8
1 5 8
1 9 3
2 3 9
3 8 4
1 4 9
1 9 5
2 3 4
6 4 7
3 9 5
4 4 7
1 5 6
18 2 7
13 7 9
3 5 1
1 2 1
1 6 5
3 1 7
1 1 5
7 9 6
8 7 4
11 7 6
5 9 2
17 6 1
2 5 1
11 8 1
20 1 2
3 8 1
1 9 8
1 6 1
11 1 7
18 2 3
12 4 8
11 7 3
7 2 3
2 1 5
1 1 3
1 8 1
1 5 9
1 9 6
1 8 7
1 5 3
1 6 7
2 8 1
8 3 2
7 2 9
6 8 6
1 9 3
2 6 4
5 9 6
7 6 2
8 2 9
2 1 9
2 7 2
2 4 8
1 2 7
25 3 7
7 9 7
1 2 5
1 1 4
3 8 1
3 1 8
3 7 8
15 7 3
10 8 3
1 5 7
1 8 5
3 9 2
1 6 4
2 2 7
1 2 5
14 7 9
1 6 2
1 7 1
1 5 4
3 4 3
1 7 6
1 2 7
1 1 2
3 9 1
1 6 2
2 2 6
17 3 6
1 8 3
1 5 4
2 7 2
9 9 8
1 9 3
16 3 2
1 7 5
5 6 5
1 1 6
1 4 1
1 9 3
9 8 6
3 1 5
1 9 1
16 2 1
2 2 7
2 3 9
2 7 4
2 9 3
3 3 5
1 4 5
1 4 2
1 1 7
1 7 1
1 3 6
2 5 1
3 6 2
2 5 8
8 5 4
1 5 3
1 3 2
1 8 3
1 3 8
4 1 7
9 1 7
6 1 8
3 7 4
7 6 7
11 4 3
2 3 8
8 3 8
4 6 1
1 7 4
2 1 2
8 7 2
1 4 8
10 8 2
2 6 1
1 1 4
1 4 8
2 1 4
6 6 5
1 1 9
2 6 8
1 4 5
1 6 9
4 8 9
1 7 1
6 8 6
1 6 1
1 4 9
2 9 5
5 5 9
8 9 5
2 8 5
3 6 9
8 5 7
5 5 6
1 9 2
1 3 1
1 6 7
1 5 6
24 2 4
3 9 7
16 4 5
2 1 3
12 5 6
1 9 5
4 5 9
1 1 6
1 5 2
2 9 8
1 8 1
5 4 5
2 3 5
1 8 3
1 1 6
3 5 7
1 9 1
1 2 8
